image_width: 1920
image_height: 1080
camera_name: color
camera_matrix:
  rows: 3
  cols: 3
  data: [1499.50682,    0.     ,  959.5    ,
            0.     , 1499.50682,  539.5    ,
            0.     ,    0.     ,    1.     ]
distortion_model: plumb_bob
distortion_coefficients:
  rows: 1
  cols: 5
  data: [0.137980, -0.252958, -0.002113, 0.008360, 0.000000]
rectification_matrix:
  rows: 3
  cols: 3
  data: [1., 0., 0.,
         0., 1., 0.,
         0., 0., 1.]
projection_matrix:
  rows: 3
  cols: 4
  data: [1520.10645,    0.     ,  974.74717,    0.     ,
            0.     , 1536.20667,  537.11703,    0.     ,
            0.     ,    0.     ,    1.     ,    0.     ]
